
266.02 

 

783.11 

 

401.65 

 

537.97 

 

173.18 

 

165.84 

 

29.59 

266.44 

 

784.55 

 

403.35 

 

535.89 

 

173.15 

 

165.81 

 

29.64 

266.42 

 

784.00 

 

401.67 

 

538.51 

 

173.42 

 

166.09 

 

29.63 

266.04 

 

784.29 

 

402.89 

 

535.36 

 

173.03 

 

165.70 

 

29.63 

267.59 

 

786.36 

 

401.83 

 

538.61 

 

173.78 

 

166.48 

 

29.76 

266.14 

 

782.07 

 

402.33 

 

535.14 

 

172.60 

 

165.28 

 

29.51 

271.79 

 

788.12 

 

402.55 

 

538.88 

 

174.16 

 

166.80 

 

30.32 

268.81 

 

781.82 

 

401.99 

 

535.18 

 

172.64 

 

165.34 

 

30.00 

272.11 

 

788.41 

 

402.74 

 

538.14 

 

174.10 

 

166.71 

 

30.38 

268.80 

 

780.77 

 

401.77 

 

536.11 

 

172.63 

 

165.32 

 

29.99 

270.98 

 

787.62 

 

403.05 

 

537.38 

 

173.84 

 

166.52 

 

30.35 

268.25 

 

781.80 

 

401.78 

 

536.98 

 

172.91 

 

165.62 

 

30.03 

270.00 

 

785.96 

 

403.27 

 

536.49 

 

173.46 

 

166.13 

 

30.27 

269.24 

 

782.57 

 

401.77 

 

538.24 

 

173.22 

 

165.96 

 

30.13 

270.39 

 

785.07 

 

403.18 

 

535.45 

 

173.22 

 

165.90 

 

30.21 

271.01 

 

784.66 

 

401.76 

 

538.12 

 

173.59 

 

166.26 

 

30.25 

269.99 

 

783.37 

 

402.77 

 

535.38 

 

172.98 

 

165.63 

 

30.18 

271.52 

 

786.09 

 

401.80 

 

538.33 

 

173.81 

 

166.51 

 

30.32 

266.42 

 

781.05 

 

402.09 

 

535.77 

 

172.65 

 

165.30 

 

30.06 

266.99 

 

786.98 

 

402.76 

 

538.25 

 

173.82 

 

166.44 

 

30.36 

263.56 

 

774.38 

 

401.19 

 

536.23 

 

171.45 

 

164.26 
29.75 